8494 nom 4444444444 44

4444444444,44.44.1Ν4441144 444144 114444 ’44414444244444144444 142
41414 44114, 4411441414 4141 4441414 Μ’ quun 4444 44414444. 14444
444 4444414444 44- 14144444 qua· 1444444. ’81444441441444441444ἰ
444411444414114414441444444114444144 4444414141 nodo 444141’4411444’ 44
4444’ ’4444414414444414144441044 14444444 ⁸8¹, 14444444141444144 44
441441144 4444414114 444 4444144443 4. 4414 44144414 4444414444, 44444 14-
14. ι1444 44441414 4444414414 14444· 4441414444114444444144114443 444.
144449 14411144. 44. · Nee 4444, 44441 44.·444444414444144,44441141144444·
44144444 44414 44444, 41 plebeium 44 1444414 ’11 444 4414414, 4444
44414 4444414114 444441441444 144144· 44444414444444441444414444.’ u
444 ε’ ι44441414 premiss 4444. 44. 44114444 4444414 ‘Aut 444414 44414144,
‘Pretorio 1444 44441414 14411443 Et 444 4111114443 4. 44. ’1)14444444444·
114 1141444441441444. Vulgum 441· 444444414444, 44 44444144444411441·
444 4414441444 444444 44414414 4141 414444144444444.’ »4441444144
4444, 441144 4444444, 44414114 44414· 444 444141 lenone mv. 44. ‘Aut
mm 1411. 441444. habeant Von- 1. 4414444414· 14 d· 14441444 4444, 444
141414. 144. 1. ⁵. 11441. 4. Pon. 44 144444 m Metismneelpimdm’
1144. 4411441411 44414114 444144.441444. 84444144444, 4441 11441144 441441-
4144444. 44414114 441444441144141444· 4414, 4444444444 4444 4444 4444444444,
4144. 144. 4. 44414414 1414441414144144. ferri: 141444 444444 14 ventreque,
4414441411. 1. 44 444 1411441411414- 44 14141. 4. 44 441144 14 444444414
414 14 144. 1. 1144114 4444 441444 411411 44444444 1444414,44444141444
4444444444, 444 44144444 4444. 14141. 41414444. 144 44444144(444 444444
4. pm· 4444444444 144. 5. 4 ι. 4441444441444. 4. 14141. 4. 144. 4.
44. (144444. 44 fragm. 1144.) 4444141414 ex
81444144414414441414444444444444 44444441444444144444.
4444414444 4411441] 4144444444 Vm. quudmmmrhu
4444444, 11144. zeid. 4. 144. 1. 4. 414114] ’11 4444 4441441444 14 Veni.
11144114444144444. 1144. Bo 4414· etlam. 44444444444141444144.4.
444444144414444, 11444 4444444414 444 quiden 4441444 1144444. flegun
41114 codd. 414144 4444 44414444 ut 444 44444 14444441, 144444441 444-
14 1411.1.44 11441. 1. 4441444414 4444443 44444 44444.·1144 4444,
044444. 44414444 14 144. 4. 44 444· 44441 4441444444 4441444444, 41414441·
4444411444. 4441444414 Im. 4. 4 44. 44444 44414 44414114 444441441144 144·
44. 4444441414 1144. 4444441444 14 144. 4444441 144444. 14 Phora. 4.1.11.
4. At 444. 444. 4444444 444 444444 ι414441 41111444 4444 44444144 4444144,
codd. 44 mm 4444, m 444 ut, 4144 vemt: 04444444
444444 4444444144 4441414414. nunde 1144. m. 1411. ‘Nouem 44414144·
sm 1144. fori 1144414444 144. 4. 444 44414444144414444143 Pre-
sm 1401114 ¹³· 111· serre 141411. 4444444444 1444. 44144 1114441444,
1441444444. 444. 11441. 4444· 44444 444144441444414444 4444444,
444114444411144111441144.144444. 44114444 444444 44444444 44414414.
1144. 44444444 edd. 44444 441 114- 1444444 (14444444411444 41444441444.

Ι dium 14 444 14441144 jungendum 14444414*4414444’ 4114 44144. 44.

1444444444 41 u, ld 444 4 44 444144444 4 14. 1444 441444444 44144 4444, qn,
444 44444 Ι14444 4444441141444444 44141144 44414, 144. 4. 1444 444141-
344411444. 41114411. 11144. ι. 1. 44. menn, 444 pontem-in, 141414.
44 114144 dixit 44. 14. Ι114 1144441414 4414414411. mm& 144. 4.
tuleris 4 me, 44441 441414 nequisti) mm 1444.

1144444 14144444 4444144 444144 ‹1⁸oe- 4144114, 4444 &qumi-opu

 

