r.u1vrr 66666. 666. vr. 666. 11. 1919

run 61616 66666166 1666666. ’1666 11616616 66661111 666] Forte vitietur
166666666666161166.666.666. Η166 16666 666. 166166, 6611116616 6666·
61666661666661616161666166. 66611661661666616. 16666666111166 66·

Qredmpu 6111 66666 661616, penu· 66661666 6661616666 6661166111. Rite.
11166 66111616 66 66166116 1661616611] comm 6666666 666666 6661611,

Quocunque 61116166 parenteia 1666. 6161666616 66611666116666666611616,
1. 1616. 1. 166. 1. 1. 066616. 66 61 6166 66666 6661116616 16 11661. 1.
1666611166. 6666116616 6661166661 er· 666666116616 661666 16616661 prino eriri.
6666. Nou ruodo 66166, 6666 iili 6666 666 666 denua 11666 morie
6666661616 16616666 661666661116166 6666116611, quero 6666666666 666661
mox exprimit per vocer 6666611166 666106166.1616.066616.166666166
prm, 166666 161666 etiem 666666· 1619. 661666661661611 661 661666
1666ι 666661616’ 666 66666 66616616 1616. 11666661 enudationem·-
666 ed 6661616666616*611661616’ 66116616 6666611, 66666 66666116166
1666661666 6666066116116666 66666666 66666666666661. 16611666661·6666·
6666666166, 1666 6666 1666661666 6661166’ et‘oourruudior' 66666166·
66666616 repe 6666661666 16116116 6611616666666666661666666661. 1166
1661666 silicie, 1666666161, 16666- 6611611666. 11. 61. 16616666 666
iudicis, 66661661666666 666611666 6111 6666616 1666. 1. 1616. 11611.
66 posterioribus, 1666666166 616666· 11166666661666611166. ’166661
6116 61 6666111666166 66 116116 Ser· 16616666 666616 1666. 1. Leiri- 1. 166.
6666. 666. 11. 1611666661666161666 11. 6. 11661. 1. 61 1666. 61666 166·
librario· 66666 66666666, 666666 16666 6666161166. 66161 66616616666
tenpore 66116166, 6666166 optimi· 6666 661616 66666 16611666 666616.
666161661666 obtrudere, 6166616666 661 ouer 666 displiceret, 61 6666. 666·
6611161. ’1666 66111616 61666 661· 16611616 timeretur. 1166666166 661
66116 Port. 61 1166. 16 666616 6666. ’6666111666 commorunt 666616666-
6666 1666 666166 erre, pro 6666666666- brudei 116661 66666 666166611166666
66166, 166. 166661 166. 1. 11666, ejur 1666 666666116616 666661-
1 9 Hir 6661166 1666116616 616166, 161666 ridetur. lienique 666 6666
6666616666 66166 16661616 66661] 066616 66666 16666661616166, 66666 661 16
1666 66666 perpurum 6666166666 16 1166. 61 666116 6116 6666666 6166611
1611161166. 1. 166 666 1661166616 intelligentur. 1166666666 61666·
661 1661666616 16 11666611 0666. L. 1'. 166666 661666666616661666, 666 ex·
66666666 repe 616 16666116 6661616 1611.
66 1116666666 61 66616666 616611116- 1 11 11661666 16 Veienti, 66661 pu·
616666 porcetum 666 16 6666. mauu 161666611661166116666661] 16661 6666·
66666616. 116666 611111. ’1666 66166661666 laur. 1. 1661666 irretierit
61616 16611. 6. 116611. 066666. ex 66611 1616. 11661166 16 1616611
1661116161166666. 1166. Vide 6666661116611.1“6666661666611666661
66111). iti. 61616 661 1666. 1. 166· 161111. 61 166. 1. Feri-r 16666161
16666 6666161666 6666166 616661. 61661 1666. 1. 61 166. 6. 166666616-
16111166. 1. 1. 16. 116611. 6661661666611161.1.616.16666ι
1166616. Portet 1166. 1666616166· 1666116666111666166. Furio· 66661,
166 666161666 66 ultimarum 111666· 66116616 66616616, 116611. 1666. 1161.
6666661666666666116 similitudieem. 61 11666611 0666. 11. 66 Β. 866
Certo, iure 6 praecedeuti 66616 iuter· 66616 11611616. 166666666166666.
6666666 6666, 6166616666 66 6666666. 1166. 6666661 16 Veienti, 16 661, 16
161. ’ 6666 Veientano. 1166 66 xm. 1.
1111161116 666666οά16616 66 666616 §lo 16616666666666166666 66·

116161. 61 166. Cius. 116166. 11 S

 

