7117 ’ 117111· 1171711711 111 ’ ·

71717 711771 77711 7777171. 117. Livii 771171. vii· 71 11. 4771. ei
77777717.11.11771177,11.1117· 47.74.71711111177177177111177·
7177, 77771771 1171117771 1111771 717· 1711777177117177771177 71117 771711,
77171 11771777 111177, 177771771. 71 7777 711717 71111 11117 711117.
1717 11. 11771177 777177 7777177177 77 .

1707711711771 1711771711111771171.11717771777777777171717777774171]
711. w 117117 7717 7111771 7711 117717177777,17717171777μ71771171.’
7711717 17777 7771717, .1717 7177177 7. 7111777710777. 11. 1111111171·
77111717 71771717 7771177Ι 11777117· bri scripti 7711771. 1111771 7711.
viiie 711711 117171. 1777 1771. 71 7777 11. 7 4. 111111 71717. ceteri 7717·
1111771771117717717717177171777 7711. 71771717 7717717. 1111171177
17 1177. 77717711171771. 11117777 771 7171171177771 7771711171 1771171
1171771 7111111 17. m. 117171771771 77717711. 0171177771. 1. 171111·
7717177 77171771 11711. i- Ρ711. 711177. 777111777 vitu quot, 7777177, 77717
871 777 71771771 17771 17 Voti. 7. 71 1771711111771771117717171111771·

ι 1777. 1. 11717. 117177 1. 1. 11771711· Aquam .4117777711177711] isu-
777 7717177 77111 7777171, 'froja 777711177. 11717. ι1711717711717.
77717,17771717777171177177771“17- 17. 74. 771 7711777 (177717. 1177117

17777· 11. 11. 1 Primum 7177177177 7717 7177117777, 717 77711 fin. 111·
1171711177 77771717 177177· 771711. 7,· 11117711 7717717. ⁸

. 1117717177777 77171771 prinum, 71 7 7 Qua im 1777117 [Ji-iia 711117

77777177 77111177171,77717777177177 717177 7777171711 7717 177717 771] Ur·
17171 77.· 7777. 7. 1011171771 71117717 1117771711 7171771717. 7. 71 ’1.71. 7. 77
7771771111771171111711.171717177 1511117177 777.77ζ 111117111 171
7777711717111.· 77711. 77. ⁶ 01771771 17777 7771771 codd. ’1771 71711117
primun 17 71771771177777717717117· 171111771177. vid· 71 771. 77.7 ii·
7111717777 771717· 7771. 17. 11771 Vox 711717 7177717171 amp. 1171.
71771771 71171771 771777 7777111711.1 717. 71. 1171717 777 nieme*
777111. 17 07171717 71171771 111771 1777.1.1.711.7.177.1...4111711
717177 717117 17111177771 177771 117 i. Pori. (177117. 711177 Ei 11717
11.· 771. 74. 1111171771 77171771, 1717 177 7711711 7177771 171777777711 71·
77777771177711777171717771,771· 111717717177111. 171171711717 771·
7177711717777171,7771777711717717 1711 717717 77777711. [7177771111
7771.· 7111. 1. 107717 77771771 711· 7717771177177171,71171717777117·
nun 17 7171177117 77717111177777 71 711. 1777 17177777 77177171711,71·
77771717 1717117771· 7. 77. 1 Primum 1111177 71 11. 4117 7. Adde 777111
77171771 177171, 71 777 1717171 1717· 17717171 111. 1717 17. 1777 777117
777· 7717. 17. ‘im 71771777 711· 7 7. 77711. 1. 7 11. 71 vm 1711·
17771 7 777717 77111, 71 1777177 17 07717777177777111111717711
117771771717 7111177771· 717. 11717 771, 777777771777. 1171. 7. · ’
77171717 71117771, 77771771 7771717 Spreta 777 7717 7711177 117 71711111
777 71771771,777117771 1771777117· (171117771]117117177111717177717111
7777777711771171773711.17.1071· 777717771777771171171717.111111
71771 7711771711177777171171.Ι 717. 77177177771171717777. Lib. 1. cmiii
1 07171771 71171771 1117177 7777 71777· 1111711717 1717171177 7117777711 7111
1711177717777717771117717711117 171777· 117771111777711771 71711
71177171 Ε711771.117.111.77.1171. 711177711717777777111111777737711·

· 0717177771771 1711771 17111. 01117 17. 111777117 7777117777 7717177117

77117717 7771717171 1711777, 7771 7177717177· 7771717171711

orthographia 777117 17 7717117717 1777717171717771771117171111111·

 

