4. mvn 44144. 444. 4. 444. 41. mi

144444.ιι.4441.·’14441444,44444444· qum 4444 4. 44. 44444144444. 11
4444 4444444,1444444414 414114441- 4414 Livio 14444144 444111444, n·
414, 41 muno 44441444 444414 444443 4144 4141 14441 44444444444. vidui
81411444 1444444144 111414144414. 1· 4444. 41. §a cotem· 444444 444·
14. ‘Quum 1444414144 (1441441144 4444444 114441. iaici. 1. 1444. 4. 4. 4.
144444441144,44444 14 1444 44144444 4411441. 1. 1114144141.

nemum 4444114444444,444441414 444 1114 4441114 4414 4441444] 1144111414
444 4444414,444444.144144144444; 114411. 1141414114144411144.,14411.
cedentibus 4444414, 44144 ’14441444 4444411444. (144444. 1144. 144444.
44444141 11444441444 8444144 41 1144. 44 444441 4414414444 444 444
’ 1144111114411. 44. 444. ’414444 444· jam 144441 14414. ‹ie-im 44444 441.
444 Dii 11444444 1414 4144444444, 444444. Vide 41 xxxiv. 44. 41.
'feminus 44144144 4441141444 Do· 1114441444 441144 4441114 1141444, 441
44, 4444441444 441414, 441 11114 444444· 14441444, 41141 uque 41 111444, 441
4142 11414 igitur 1444444 11444444, 44 44444414 14 44114444,44144444441·
,114144 44444 1444444414 44 Termini 444, 4411414441 144444 444444 4441441.
444-1444141 14444444 Terminusque, 1144441141)41,44444114 Dii, Vm. 1.
ise. 4444441 44 444 44414144441144. 1441. 1. 4. 1144444 1144. vide 1144
44444444 1441444444 44444144 444 444.4141.4444444114411144114 4114
44441 Im. 1. 14444444 14441444 qui 1444444 441144 144444. 1144.
monium-pumma bom. 14- 044. 44. 4 1 1144144444 0444144
444441444144444444444414444444444 1444 mmmmm-nauci·
Ι.44.1.4414411.1.144444441’4441444 4444444444444144441444Ηῑο· ’
meri 44 44444414441444144. 414444 44 1144411144 14411. 1. 11441444
44 1444. 1. 11144 4441444444 44441 1444 0444111444 11441. 1. 11441444 444
4444414444 14444144 4444, 14444- 04411144,4’4.1141444· 1144. 1444414-

444 Terminus 4441444 gumi· 4444444 4441444 4114 41 1. 41. i 8. Quum ’

4444444444444444444444444. Neque 444444 4111 codd. 4414444 411444444,
41 4414444414144144144414444444- 1444144444 4444 444144 44 114444144444
4444, qnod 14444 1141144144 modo. 444444 444444, qum 4 11411 44444 ’
444 4444 411444 444444, 444441444414 profectum, arbitror. Deinde 4444
excerptim 1144144444 4144441441. 4114 44441444, 4444 44 1411111411.
4444441444 lingua 144144444144414 (144444. 11444411 044411. 44 411414
41119. 11141444 enin 4444144144 111144 eum 44114414 4444441441444 44·
1441, 444 441414 1444441414 1444 444 41 41414444 (1444441, 444 1444444
Nonio 444 exstit, 44 4 4444441441 4444414 tuomum. 1144444444
4144441114444 4444444114114 414441, 4444444 4411441 4411. 44 44414414444
quun 1144144 444444114441444414· 411444444444414444,4414144444444·
444 44444 ι14444444,1 ‘Juvenum' 44 444141444444144.144144414 14 mr·
’1444411444Ι 141414144444 441414, gine 11411444114144114444 4114 4441·
quenadmodum 441414 4441444111- bendum 4444. Vide 41 vi. 14. i 1.
144444 ⁸ ,1444444443 Eiidem 44441444 *cm 4114 4441444 114411. 4444 4114 m·
4114444 41444414.441 4444444 111444 1144441141 4444 4111444. vide 41
14444444144 4444 4441144414 distinxit. xxxv. 14. 4 41. 1444444 41 4411414-
144444 quun 14 1444 1141444 reliqui, 444 4441444444 11444. 4 m. 44. 41 44·
quibus 4444 4444, 44411. 4444444444 11414444 4444144144 4 m. 444. Et 144
14444444 feminum 4444441 44 444 44414444411441.1. 44 1444. 4 ιι.
44414444444, vulgatum 44444411 44111 444. 4414444444144411441444441·
444444 444. 144144 144444444411- 444 1444 114. 4. 441. ι04441444 44144444,
41444 1414 41144 44444444 uentum 4444, 44 4444 1114444441444 4411414444441·

 

