7520 6616 66616666 nc

tuit, 666116661 6661666 6611166 661. 666161 66161, 6666161161. ‘Vanum’
*1161661661 6666 666 66166166. 66616, 661666 1616 6661616 6661616666. 86-
661161 enm 666166616’ 666666 66666 66666. 1661666166 16666111661666
6161666 661666161611 6616666. 1661 66616666661.’ ι. 61. ‘ld 6661166666
6666166666666616161666661666166· 66 611, 6616616116 66161 666661· 6161
mvn. 6. ι(1666116616 6661666661, 6116616166. 1166616666 vonum-i·
6661661616 666666661161666116, 66666 ,6611611 16 16161. Im. Μ. 6. 6116
originum nemetin’mvm· 611666 Pon-m. 6616 666 6661661666 66
11166666 1666 6116 plura 66166166. 1666616616 6 66666. adscriptum 666·
1166161166 6616666, 61 6616611616 666- maim.- quemamodum 16 16666166
66166. 611111 1666, 6666 6166166666· Im. 2. 66616616. 1161661 66 666
166116 6166 16 6666166611666 66661 6166666116 166666 661166 66611666·
666166661666116 6666661666161666 116111666ιί1 6161666 661, 6666 666 616·
6611616611. Nam invmo 6666616166 6616661666 6611161 661661, 6666 in
666666616666166116666666666 666611· 1166666116 6666. 666 6666666666· ⁴
16666616 666166166616616 6666661 tumuit-umis, 6666616,616666616,·
6666666116 666161616’ (16 661, 6616. 11· 6666616666616661,61 116616161, 66-
661666 666616661661661666666616, ,666611 prim 111666 666. munit:
166666)*666 6661116616 principem· 1666 661661 666 6666666116 66166666-
1661.’ 1161666 666 mmm 666666 61661661 ob 61611116616666 66116116
6616616666. 666666166161666166616, 6616666616. 116616 6616 1166666166
6666 1116666666 66666666666166166. 616661 mn 1616 6661 1166ι 666616
611. 666 Curio, 666 6666666 1116116666· 6616661 66666138666616611166616,
66661666. 66 61666166 666666 mo 611666116666616616616666 661 666·
66116116 6661661616 6666666661. Et 166 2' 6161 61666 6166. tv- 161666
116 6161116661 1666. 6166666, Iov. 616661666.61666666666.·066166
1. t. 11661. 6166666. 1116611611. 61 6611661661 666 auctorem 6616666661.
fugo. 1161. 6666166116 6666616616· 6666661, 666 611661 616616663661.
6666111666 reliquorum 6666. 666. ι1161616161 666666 1161 legionen. 5¹²
¹18'203 11661 666 66616 1116116166 61 6666166 666 6666666161, quid·-
666 16616 6661666661116661166111666 66616666 nunt! mm. 66. ‘Qn-
66616666. 1116666,666116.66.66. 611666666166666666166661,6666666,-
ΒῙΝῙΙῙ 011010 mum ὑμὴ 6666661661661666666,1611661661666·
661 16 1616. 1. 6666661616 Lov. 1. 1. 61 tom 6666161 666113661661. ⁸ 1666
6. 11666 mi, 11161111161116661116, 66666 666166 66661611 1166161666 66
166111161. 666 66611 1616. 1. 66116661 regem 6661116 0616116161. 1166616.

666666 librariorum, 661 infinitis 16616 xlv. 1⁰⁰⁰. ‘ 11111616 6616 66166616,
66666616661666616666166661. Vide 66 quorun nihi 6666 66666166 6661661
66167. 11. Solu· (1661166661661 6661 6661, 6666 666661, ecee· 1116ίῖ
mma 616, 666 666 6661 munis. 166116. 61. 2 § 6. ‘ 1166666666 66·
‘vuum’ 661666 61 ι66666’ 666616. 16166 6616666661 rege 666166 6161·
16666 confunduntur· Vide 66 mvn. 66111666666666661666666616 in m·

11. 6 1. 111666666666661666616616 6166666 6661666, 661 16 66 66611616
166166. 11661616666666166166611 666 666 666166661, 66666666 vulne·
66666166 Etruseorum 1666666. m 661666 61666616 0661666666166111
1166661666 66 66 hiscere 66666661, 6666. 6666611661 66116616 666. 6616
111661, 661 6666 6111166166611611611- 666666616666111666,(61661616611116
6616666 6666661, 61661661 66666, 66· 6666666666666666666116616166661,)
666 1611666616 661 vum 66616666 61 1616661 611661 6666 1166166616 116.
616161, 666666 6661116616 61166661 16666666166666666666161116. ,

 

