7522 ’ 11616 1111611111 111

(1116161111.1.»116116611611111111, dodamin-adm&
116111 6111161 16111111116616111, 66- 1611] 666111 111161 1111. 11611116 11
16161116111111166. 11116161 161611 661111 16111 116. 16111. 1111. 61611166,
6661 16616 16661111. ’16611111 11111661 11116.11611166,161.1. 1. 1.6. 11111.
(166111.1111161161.6. 1. Ρ111. (166111. Η11. 61 fun.
§⁸ 1111 11116 1116 6111111116] Hie 1111. 1111 66611116 1161111661 16.
1616616116. 1111116111ωο661. (11116611 611116616116111116111 611
N. 16 61611116 61166 1616161111. 11- 611111 11 111 111. 616 11161161 16
116111Ρ16111·111611166 61111161- 61611, 111 1666 1611111161 16111 166-
111661166161116116 111111 16111116.ι 16611611.
11111. 11. ’1116116111161111111116 1 6 Qun 11 1166 per 61111161616611
6611111161161616161161611111611161111 11111111 111161] 1611111616161111611·
161661111 1111666161166. (116616 1166 1116111666. (1166 6111116666·
61 816161. 616. ι116611166 611, 1111 potem 1166611111 11 per 1116
11166Ρ11111111611166666661611616- ·111611161’16611111161. Ego 161166
1116611111 1111 1161666 6111111161 1611. sumum 1161111161», 111161111-
l· 61 1161. 1. 66 1. 11116. vide 66 111. 61111 1661661611. Gur. 1661111616
MS. 666 611 11 11611. 1. Im. 1. 1. 6. 6. 61
En 1111611666 1111 6116116111 611 (166111. 1166111611111611.111.66·
11 fefellitus, 16 61166] 0161111661 1111 161111116161. Η61. 11 616 61116611
von. 6. 61 16111. 6. mim 1661 Ρ611. 1611611 1111111161111161111 66·
Im. 1. ’16611166661111161,1. 11666 16111116. 1161166111111111111166616·
6661611 611 similitudinem 1116161161 661 16111111, (6111 quod 11116111111116
111661116166111111. 11616166616661 161116116111111161111.)6611661116
16 1111. 1166.611111111111116,111661· 666. 1111. 1111 1111111111661 6661661
616111111111,1’611.1111.1.1111.111.11 161611 111611111 1116. 1111. 1116.
1161. 1. 161. 61 1166. 011 111161116 161661161,
1 6 1111111 1116111616 1111616, m· 66611611161111611611116 1666661611
111116 1111116611 111616111161 16 11111 ι11116 61111616 111116166611161,’ 161
61 16 1611161111] 11111616 Ρ611. 161. *16111116116111616 61161111· 16 161,
166. 861111111611116611611111116, 111111 1111666166 111 111111616161
11666116 Ρ61161116611611611.’ 11116 16661161, 11 661116 1161666116 111
6111111. 66. ‘ln 1166 61111161 116111 111161661111. 61661111 1166 16 11.
161161611111616.’ Vulgo 1111611116 66116. 6111 111161 11616 16616 116·
editur 16 111111. 111. 1111. 61. ⁸ 661· 6111. Sed 16 61 611661166 6116161
161116 1616616 1611116 ’11161 mom 111161161616666616111116111111111611.
(116116. 161661111161161 1161. 1. 61 11116 111. 111* Per infrequentiam
111111. 1116611. 111. Alibi 111 non· 66111111 1111116 1611111 1611161111]
1661111661 1166611611 11111111. Vide 616111111111111611111661111111. 16.
1611166. 116. 1166166611161111161. ι11116166116116 1111611, 61 11111116·
1166661161616. Ρ11111161161. 16111 quietem 161161111 1611116161-
ab 11116661. mim 101611. 6616. oriem: 8161111111 ·161116116111;’
11166161166611. 1616116161,16- 66 quo 1166 11116616. 66 116161.
111111 codd. 16611611 et 161111111111, 11161.1.161.“1161161611111’61116
611116111666111 6111166. 11111111 0116111111111611. 111. ’11666111
1 111111161661. 6. 61 (116111. 11 1111 1111 1611611111 61111161 1616161161611·
1161111111161111. 1111. 61161611 1111 1111163 ‘ 1161 11661611’ 661111. 1.
1111161111 1111 11611111 8161611111111 6. ι(1111116161161116116616111111-
161161611. 6161 6111116111) 1. 16. ‘ Ρ61 1661111
6111 11 116111 quiam 1111 11111111· 661661 1116111, 111616 6111611116

 

