8. mvn 88888. 888. 88. on. 1. 7885

St. W 0888881888] Pmo- 118888188188881888, 88111818888818.
- 8881888 88 88888188 888888 Vm. 1. 1811. 118888888888881881888888188888 ‘Li-
8881881. 88881. Sulpicius 1881888 818188’ 8888888 generi· 8888888 881.
1888881188. 888811188881818188 188. 111888. 118881888111888888118181.
1. Ρ888881188. vidend 11818. 118. 1188881. 118818188μο 0888881188, 0.
lib. mu. 1188818 0888818888 18181.ι8888188,1.188111881188888,1.111888-
2. 8188, 1. 18188188 Ρ8811181888881888888-

L. 18188188 Potius] Putim 1188. 811, ex 1818888881811111888.
1888.8.1.8181.1.8811881.1.Ρο881888 88888811 tribuni 0. 0888811188888888
Ρ888. 1188111188 118888188888. 1188. 1888881888188888118888818888188188 ’
1188118188 11881. 8. quod 88 Diodoro revoctndum em

§1 L. 18818188, 088. flam 1. 88888818 881888 1188818818 Amul. 81
mum-,L 11818188,Μ. 118- toccum. 8181. Deinde 188818
W. 1.181881888Ρ8111881888 18811· 888888880888118881888 188 Voss. 8.
888888181188181888888111881888 1811.1.188.1.8.881·1881.1. 08.
08. 88881881οῇ888. Ponet 8888 8. 18 1811. 8. 88 fragm. 1188. 11888188
8888888. hoc lib. 8. 81. 08188, 8181 8888881881 888188881888 videtur 8881·
888881811888118888 881Ιί8888 8888- 188188. 8. qni 8888888 8188888818118
881881888888888. Nee 8888888, 811 81. 11888888 8818888 88888888, Gn. 881
18888888 188811, 8881888 1888888188 88 08818818 0888.0.81118888,881 ex
818888 88881888, 8. eoem. 188 1118. 881. 11188188 8888888888 Μ. quod
81188881888888 8188888888. Nam 8818888 obferunt 11888. 1. lm. 1. 1·
pontonium. 8811888888 8881118888 118818818888811888881188. Sed
88888888 888 18888 88118881 8811188888 88888018888888888188818808118888-
8888881888 888888888 0188. 188 88888 888888881181888188888888. 118881.
88181 8888888 111818 8888888888 1188111888 1188888,1.118888188888818818
8888881,8881.118188’888,11.118888188, 118811. Ρ8818Μ88881888, 18818181
hubent 11818188 1188881888. Nm 1818818881. 1818181888 1811. 8. 88
quum 8818881888188888 881181, 888 188. 1. 1181818888 1188881888 1188.
88181 quinque 88118888 8881118888 nemo· Vou· 8. 1811. l· 188. 8. 1. 1. Pon.
8881, 1181818888 liminaque 1888 18· 11888888. 1188. 188888. 1188. 8 8888. 88
88888888 qun 1888888188 88881 11 11888811 Oxou. Ν. 0. atque 11888888
8888188, 8888 1118818888 8818881888 Pithoi. 188181888188881888 Im. 8.
888888, 888188881818888818811881 vide 81 88. 81. 18. ainumm-
1818 8888181188 81888888 1118. xv. 8118. 188, non Ρ8811881888, 11188. Vm. m·
mm 11881888, 11188 1188811888, 181· bo, 1811. 888188, 188. quinque, 11881.
8888 urrann, 111188 1888811888, 01811- 8. 11888888. 11888. 1188. 88 188888. 1-188.
8888 8118811888 818888. 188, 888 8 n. 88. meinaim 11881. 1. Vide
(18188818, 888 0. 8888111888 8881. 8188. 8. 81. 188888808811888888818
mm. 181188. 1111888888888- 11188. 8. 888118, 881 18811888, 11818.
mo 888888881188888,818181118888188888 · 088811 181, 881 111, ex 1888888888 11881.
8881 1181888 88818888, 0. 0888881188. 80888888. 118888811888811088880.
1888818 8888888 prebuit 1111888118, 881818811811811. 0888811188 18·
88881888888818888188888810088. 18888888 1188. 18811888 888811. 11188
881188, 0. Sergia& ‘c. 88881888ν 1818888881888.1.1.811.8888888,188.
8888888 88818888888,8188888888 relique· 8. 1. 1. 1-1881. 1. 88 fragm. 1188.
8888. Ρ888 888888 legendum 8888, 18888888818888 18 881888 188888.
01888188. Nm 118188 8888 8. n. 1188888888.188888818188881118-
881888 01881881118811888888 8118. 818188. 0818881881188111881188888,
No· etgo 1181118818888188, 8811. 11818188 nmina, 1. 18188188 118111·

 

